$ANSIBLE_VAULT;1.2;AES256;lifter_cluster
35353230376438303032373763346464323835626237396438633563633031353633396638363530
3734613062303738356131363633623966383164613733370a613836353733383761636530316539
35616430653839383638346432313362613363656165383431313162326366323131386663393030
6566643731336438640a326239306630343161636265313064316164333363626636623863336538
39623434623766333632313732373263356437613834633362643566313231333763346635613739
37346134613462633537373639346165336432336139366230313166643561653330333165313564
63663330636132373534303139393038306432353865623364353433666535623764616265343239
38643735336230346361333331646165356339373539323861376338336337633166613933613931
66623864326331623665336439346237386461393934353765383932336364336462373431343834
31356462643663613137366436316437623465356338363061623838353966363630323465633263
34613734633163323137376139393561613936386538633537626336333230376664313461613061
64633939306461663838396562653463653963616639383264383031303063663763383435313862
33666432383433663830346161353531636137323437613831393166623332393030303761373264
36393535626539326139343266376533613036316265316232656534333438366664316534316533
64336538616131313539303665656632633634383830656236656265326334613532353038646235
66393663353163323439653930316134626264356663376135646537663032663665303339633632
65313733336538633166363861653832323964396664666334656363326561323238636437653639
61616436313264346339396566396337643763643932623832343363663165306262376636663433
61336239336466613434653530363562333531316661633364343361326364333438303230323135
63343763626632343931346362626239613131326131336230303233323933636530316635653365
34333131393066386562393362366537366538393633656633623532373838373862333130343335
30316464646235323264616362633466343638613862353864333731313261386534653837316331
65356436616330646162666561653634356138626137363835306366373265393335363831646366
37633465376333303864383137373834636139633338643336386537323463376361366539626363
35313834303430376661306535373835643432323638383866633833623130636135313135633637
63393662616266616632393837333635393865343366363363346531616264353563653661363233
66316537656136353964666339373838366332626338336465333966323930346435343235633166
64643137363762393337
